22.239  
22.665  
22.279  
23.420  
28.023  
32.290  
33.841  
32.838  
30.242  
27.445
23.655  
18.525  
15.789  
14.609  
13.721  
15.511  
19.354  
22.602  
22.266  
19.307
18.797  
20.279  
22.291  
23.431  
22.665  
23.865  
25.421  
25.197  
28.480  
34.758
38.438  
38.303  
35.634  
31.051  
27.053  
27.620  
31.813  
34.606  
32.175  
27.421
25.606  
23.140  
19.253  
17.262  
14.969  
12.962  
12.888  
13.676  
16.342  
19.098
20.689  
24.756  
30.937  
34.683  
33.948  
30.012  
27.041  
26.788  
28.496  
29.240
25.836  
20.157  
15.708  
13.588  
13.539  
15.256  
19.016  
22.764  
22.581  
20.081
19.967  
22.052  
23.042  
22.551  
22.024  
22.971  
25.059  
25.646  
25.616  
27.599
29.854  
28.192  
23.371  
18.499  
15.174  
15.342  
18.907  
24.116  
27.412  
25.077
19.717  
17.402  
21.469  
30.096  
38.166  
43.465  
46.375  
47.887  
49.326  
51.157
53.504  
55.160  
55.481  
53.147  
49.636  
49.578  
49.363  
49.375  
52.384  
52.208
49.181  
48.598  
50.824  
55.166  
61.949  
67.459  
66.620  
60.706  
57.240  
58.625
61.142  
62.928  
63.018  
60.693  
57.824  
57.059  
55.688  
55.627  
58.954  
62.633
64.275  
61.880  
58.483  
58.206  
59.047  
58.967  
58.891  
57.022  
56.392  
60.434
63.145  
58.851  
48.111  
39.412  
42.119  
51.002  
57.677  
57.447  
52.645  
51.748
54.920  
55.209  
51.717  
52.438  
55.393  
54.201  
51.602  
49.677  
47.290  
47.668
54.918  
64.966  
68.518  
69.452  
74.197  
76.385  
76.893  
78.689  
78.738  
80.224
83.790  
83.998  
79.406  
72.245  
65.349  
65.183  
72.032  
76.216  
73.205  
71.496
76.142  
80.612  
82.239  
81.422  
80.820  
82.376  
85.574  
86.345  
81.647  
76.777
79.870  
88.085  
94.405  
96.494  
96.406  
96.521  
95.920  
97.501 
100.673 
103.924
02.123  
99.413  
96.878  
88.562  
82.609  
87.244  
95.052  
95.351  
95.597 
100.148
03.426 
103.561 
103.197 
102.406 
100.359 
101.204 
102.510 
101.877 
 97.521  
99.491
03.216 
101.934 
101.752 
102.519 
103.656 
100.281  
98.336  
97.308  
96.308 
100.074
02.869  
97.390  
96.830 
100.682  
99.241  
98.225  
99.939  
98.370  
93.186  
91.770
95.498  
99.720 
101.868  
99.213  
95.447  
95.297  
98.544  
99.411  
97.760  
94.145
91.820  
90.067  
89.022  
87.635  
85.358  
85.984  
90.847  
95.592  
96.218  
97.630
98.525  
99.218  
97.564  
93.656  
93.125  
93.580  
94.395  
97.307  
99.040  
95.830
91.007  
89.818  
90.239  
90.459  
92.833  
90.248  
88.838  
94.764  
98.952  
97.009
96.055  
90.800  
85.519  
90.467  
96.106  
93.634  
91.942  
96.505  
97.513  
92.235
88.522  
92.170  
93.543  
92.796  
87.261  
83.644  
86.336  
86.738  
84.454  
81.417
80.498  
79.526  
81.291  
83.659  
83.918  
81.483  
77.931  
79.006  
82.638  
83.132
83.309  
79.578  
76.565  
75.823  
75.106  
76.319  
79.080  
78.109  
74.207  
72.828
75.065  
77.211  
75.944  
71.434  
71.316  
73.946  
73.700  
71.741  
70.172  
71.945
73.087  
62.671  
50.844  
50.595  
54.017  
57.313  
70.291  
78.635  
77.180  
69.052
71.420  
87.425  
93.863  
89.928  
89.050  
95.697 
100.586  
99.625  
97.030  
96.538
91.585  
79.799  
77.693  
89.038  
96.961  
99.381 
101.783  
98.733  
96.148 
101.739
105.962 
105.327  
99.365  
90.364  
89.256  
96.555  
98.265  
97.275 
100.879 
105.556
105.854  
99.623  
94.365  
98.896 
104.698 
103.211  
99.809  
95.080  
92.544  
91.437
 93.888 
101.308 
103.549 
100.109  
95.497  
96.797 
101.320 
100.000  
98.217 
100.170
101.568 
102.853 
102.771  
99.813  
99.759 
102.821 
104.663 
104.428 
102.844 
101.850
100.424 
101.484 
105.426 
103.862 
102.728 
105.761 
107.309 
107.603 
108.482 
108.215
105.770 
102.208 
100.626 
104.010 
104.515  
97.819  
95.233  
98.249 
100.210 
104.991
107.348 
102.822 
102.560 
105.718 
108.415 
109.427 
108.083 
108.268 
108.288 
106.207
103.867 
106.710 
108.558 
109.002 
107.619 
105.543 
106.553 
107.467 
104.848 
102.040
100.881 
105.443 
109.510 
108.691 
107.830 
108.675 
109.268 
109.323 
108.413 
108.087
108.333 
109.374 
110.442 
108.808 
105.571 
103.991 
106.664 
109.327 
110.205 
109.812
110.041 
110.661 
111.644 
111.911 
111.637 
111.117 
111.566 
111.095 
109.693 
105.863
105.636 
108.144 
110.024 
109.400 
105.908  
89.502  
68.682  
72.105  
93.327 
106.518
107.953 
106.891 
107.593 
108.792 
108.266 
108.352 
108.594 
108.271 
108.108 
108.528
109.713 
109.253 
109.923 
108.609 
107.240 
107.574 
109.204 
109.517 
108.127 
106.799
106.759 
106.257 
105.216 
107.336 
110.070 
110.451 
109.938 
110.771 
110.530 
109.548
108.387 
107.971 
110.088 
109.885 
107.813 
107.196 
107.248 
107.289 
104.051 
104.304
108.769 
107.493 
100.218 
102.238 
106.659 
102.236 
103.618 
106.945 
106.942 
103.622
 93.955  
92.876  
99.742 
105.587 
108.348 
106.781 
104.648 
105.698 
107.137 
108.040
105.818 
102.652 
103.812 
104.232 
101.790 
103.745 
102.634 
101.579 
101.026  
97.662
 99.427 
103.083 
104.505 
102.791 
100.875 
103.396 
103.993 
101.538 
100.376 
102.205
103.254 
101.364 
102.173 
104.796 
104.716 
102.835 
103.819 
106.183 
106.897 
104.853
102.782 
104.597 
106.489 
106.474 
105.865 
105.873 
104.276 
102.300 
102.476 
103.344
103.447 
103.968 
104.557 
105.022 
104.669 
102.747 
102.700 
104.394 
103.196 
104.224
102.043 
102.100 
104.128 
104.855 
105.070 
105.093 
101.109  
96.153 
101.130 
105.632
105.921 
105.355 
105.606 
106.106 
105.733 
105.792 
105.621 
103.935 
103.430 
100.935
 95.637  
95.634 
101.432 
102.671 
104.717 
104.444 
102.656 
102.196 
103.942 
104.059
104.023 
104.660 
104.580 
104.050 
103.086 
103.049 
103.375 
103.554 
104.247 
104.107
102.838 
102.295 
102.990 
101.968 
101.459 
103.185 
102.719 
101.851 
101.670 
101.505
100.956  
99.495  
99.962 
101.130 
101.437 
101.027  
99.983  
99.434  
99.433 
100.058
100.374  
99.547  
98.996  
99.691  
99.409  
98.887  
99.176  
99.188  
98.243  
98.051
97.667  
97.709  
97.743  
97.764  
97.736  
97.388  
96.227  
96.182  
96.618  
95.664
93.831   
0.000   
0.000   
0.000   
0.000   
0.000   
0.000   
0.000   
0.000   
0.000
0.000   
0.000   
0.000   
0.000   
0.000   
0.000   
0.000   
0.000   
0.000  
93.637
93.907  
96.228  
96.322  
94.870  
93.852  
94.970  
95.056  
94.859  
94.757  
93.586
93.624  
93.015  
92.567  
93.188  
93.907  
94.354  
93.810  
95.289  
95.260  
94.227
93.980  
93.841  
94.113  
94.879  
94.524  
92.875  
92.915  
93.507  
93.894  
93.652
93.234  
92.922  
92.968  
92.650  
92.028  
92.064  
92.157  
90.167  
89.316  
90.961
91.060   
0.000   
0.000   
0.000   
0.000   
0.000   
0.000   
0.000   
0.000   
0.000
0.000   
0.000   
0.000   
0.000   
0.000   
0.000   
0.000   
0.000   
0.000   
0.000
0.000   
0.000   
0.000   
0.000   
0.000   
0.000   
0.000   
0.000   
0.000   
0.000
0.000   
0.000   
0.000  
85.113  
87.607  
89.113  
89.989  
89.352  
88.192  
87.208
87.045  
87.839  
89.194  
89.982  
89.783  
88.118  
87.062  
88.117  
88.399  
88.536
87.958  
87.673  
88.168  
88.871  
90.001  
90.509  
89.754  
88.234  
88.978  
89.945
89.409  
89.010  
90.406  
90.564  
90.479  
90.347  
88.912  
87.458  
88.562  
89.214
87.919  
88.720  
89.909  
89.388  
88.884  
89.486  
90.224  
89.939  
89.764  
89.269
89.511  
89.506  
89.046  
88.917  
87.856  
85.600   
0.000   
0.000   
0.000   
0.000
 0.000   
0.000   
0.000   
0.000   
0.000   
0.000   
0.000   
0.000   
0.000   
0.000
 0.000   
0.000   
0.000   
0.000   
0.000   
0.000   
0.000   
0.000   
0.000  
84.424
87.014  
86.874  
86.718  
86.218  
86.540  
87.130  
86.858  
85.734  
85.589  
86.534
86.801  
86.980  
86.707  
86.507  
85.603  
85.697  
85.763  
86.095  
85.666  
85.586
85.661  
85.798  
86.278  
86.109  
84.316  
82.882  
84.378  
85.523  
85.393  
85.531
85.357  
85.042  
84.697  
84.479  
84.164  
84.252  
84.076  
83.498  
83.136  
83.122
83.170  
83.149  
83.065  
82.507  
81.676  
80.704  
80.372  
80.266  
81.394  
82.588
82.341  
82.561  
82.817  
82.472  
82.415  
82.636  
82.431  
81.663  
80.433  
81.215
81.851  
81.997  
82.076  
81.295  
81.117  
81.569  
81.323  
80.107  
80.126  
81.475
81.843  
82.030  
81.284  
80.887  
80.963  
80.677  
80.433  
80.355  
80.411  
80.995
80.645   
0.000   
0.000   
0.000   
0.000   
0.000   
0.000   
0.000   
0.000   
0.000
0.000   
0.000   
0.000   
0.000   
0.000   
0.000   
0.000   
0.000   
0.000   
0.000
0.000   
0.000   
0.000   
0.000   
0.000   
0.000   
0.000   
0.000   
0.000   
0.000
0.000   
0.000   
0.000   
0.000   
0.000   
0.000   
0.000   
0.000   
0.000   
0.000
0.000   
0.000   
0.000   
0.000   
0.000   
0.000   
0.000   
0.000   
0.000   
0.000
0.000   
0.000   
0.000   
0.000  
75.199  
74.051  
74.703  
77.233  
78.816  
77.864
77.278  
77.038  
77.240  
76.966  
76.747  
75.145  
74.634  
76.441  
77.409  
77.824
77.543  
77.201  
76.117  
76.369  
76.812  
76.683  
75.573  
71.550  
69.662  
74.235
75.340  
73.688  
74.174  
75.020  
73.857  
69.655  
61.253  
60.169  
69.277  
73.776
74.654  
75.173  
75.182  
74.820  
74.576  
74.634  
74.920  
74.487  
74.488  
74.435
73.530  
73.619  
74.009  
74.845  
74.724  
74.475  
73.921  
73.373  
72.573  
69.487
62.093  
61.499  
68.384  
70.559  
70.779  
69.477  
68.476  
70.486  
72.113  
72.077
71.614  
71.244  
71.911  
72.283  
71.781  
70.792  
70.895  
72.038  
71.807  
71.598
72.339  
72.538  
71.544  
70.670  
71.188  
71.210  
70.579  
70.220  
69.092  
65.739
66.547  
70.174  
70.643  
70.901  
71.956  
71.372  
70.705  
70.726  
71.270  
71.359
70.491  
70.334  
70.816  
71.412  
71.566  
72.438  
72.447  
71.215  
71.200  
71.973
71.580  
71.671  
72.067  
70.434
