63.688  
63.019  
62.145  
61.359  
62.305  
63.459  
72.632  
72.577 
70.841  
67.979
61.821  
57.409  
54.427  
53.071  
49.881  
49.317  
55.771  
63.352  
67.645  
60.806
57.659  
57.647  
60.092  
63.729  
63.501  
62.478  
63.564  
63.302  
65.545  
71.659
75.654  
75.700  
74.401  
72.061  
68.746  
67.722  
70.526  
74.473  
74.470  
70.790
71.017  
72.293  
68.149  
65.355  
62.436  
58.082  
58.553  
58.984  
60.849  
66.076
67.933  
69.422  
74.398  
81.768  
86.436  
83.934  
76.781  
71.988  
77.550  
81.087
80.490  
72.248  
62.827  
55.102  
49.961  
49.824  
57.368  
71.438  
76.254  
70.987
69.733  
75.014  
75.077  
72.972  
67.620  
65.648  
67.865  
73.054  
76.099  
78.351
81.708  
80.875  
72.743  
58.615  
43.118  
41.496  
54.003  
67.012  
76.667  
76.362
64.930  
49.680  
50.415  
66.986  
81.927  
92.031  
96.852  
98.808  
99.388 
100.082
102.468 
105.013 
106.159 
105.756 
103.828 
103.575 
103.310 
101.444 
101.860 
101.118
98.626  
97.793  
98.883 
100.153 
103.015 
106.952 
107.185 
100.998  
94.607  
96.681
103.695 
108.039 
108.551 
107.129 
105.592 
106.221 
107.247 
106.678 
106.136 
106.261
108.219 
108.692 
105.428 
102.590 
102.338 
102.674 
103.128 
102.208 
101.142 
103.723
106.855 
106.274 
101.870  
96.734  
96.797  
99.415 
100.949 
100.787  
99.014  
98.256
98.533  
98.070  
94.972  
94.029  
95.281  
93.237  
89.034  
83.423  
76.042  
72.437
78.215  
91.533  
98.987  
98.744 
100.227  
98.540  
94.309  
96.937 
101.751 
104.933
108.554 
110.134 
107.999 
104.054  
99.282  
96.717 
103.086 
107.113 
104.016 
103.873
106.834 
113.470 
115.998 
116.429 
115.433 
111.419 
111.914 
112.377 
110.909 
107.656
110.467 
113.879 
117.727 
116.080 
115.671 
115.330 
115.503 
116.290 
117.530 
120.222
119.701 
116.956 
114.892 
110.577 
106.931 
109.436 
113.290 
112.604 
110.706 
112.810
116.106 
116.768 
117.117 
116.924 
114.262 
112.504 
113.532 
113.237 
111.537 
113.212
115.300 
114.635 
115.059 
114.953 
114.878 
113.207 
112.569 
110.626 
110.010 
111.564
113.004 
109.277 
107.151 
110.889 
110.542 
110.550 
111.536 
110.924 
108.311 
105.981
107.653 
110.684 
113.586 
112.658 
108.992 
109.024 
110.918 
112.651 
112.601 
110.497
109.290 
107.900 
109.968 
113.001 
112.859 
110.539 
110.325 
112.716 
112.455 
111.322
111.681 
113.391 
113.445 
111.407 
110.964 
110.348 
109.002 
108.905 
108.077  
99.897
85.654 
90.851  
98.536 
102.531 
105.674 
104.161 
102.720 
107.335 
110.260 
108.555
107.508 
104.769 
100.960 
103.433 
107.057 
105.438 
105.868 
109.096 
109.644 
106.595
106.219 
107.711 
108.257 
108.042 
104.102 
101.921 
105.097 
106.139 
103.788 
101.432
100.426  
99.382 
100.205 
102.437 
104.522 
103.039 
100.467 
101.574 
103.903 
106.108
107.478 
105.444 
103.645 
101.987 
100.608 
102.250 
105.135 
104.191 
102.346 
101.894
102.749 
104.745 
104.206 
100.931 
100.078  
99.958  
98.539  
98.291  
99.353 
100.890
 99.950  
91.807  
85.201  
92.163  
91.802  
90.103  
93.001  
97.295  
98.655  
97.880
 97.706 
100.164 
100.788  
98.251  
97.109  
99.732 
102.893 
103.166 
101.927 
101.678
 99.234  
92.885  
90.986  
95.690  
99.454 
101.824 
103.718 
102.470 
100.732 
102.710
104.612 
104.043 
101.490  
97.506  
96.608  
99.383 
100.265  
99.947 
101.600 
103.656
103.660 
100.282  
98.051  
99.997 
101.916 
101.321 
100.203  
98.292  
96.646  
95.625
 96.322  
98.823  
99.888  
99.124  
97.964  
98.665 
100.158 
100.000  
99.353  
99.733
 99.517  
99.546  
99.534  
97.905  
97.359  
98.856  
99.784  
99.744  
99.085  
98.499
 98.211  
98.819  
99.610  
98.498  
97.272  
98.318  
99.324  
99.642  
99.935  
99.460
 98.454  
97.106  
96.086  
96.677  
97.325  
95.013  
92.970  
93.914  
94.479  
96.568
 98.256  
96.367  
95.544  
96.657  
97.627  
97.477  
96.392  
97.079  
96.999  
94.967
 93.710  
95.054  
96.905  
97.515  
96.291  
94.781  
95.137  
96.229  
95.526  
93.359
 91.876  
93.758  
96.498  
97.198  
96.864  
96.676  
96.794  
96.401  
95.009  
94.327
 94.542  
95.335  
95.913  
95.238  
93.841  
92.985  
93.566  
94.568  
95.094  
95.005
 94.845  
95.099  
95.668  
96.130  
95.939  
95.783  
95.895  
95.749  
94.516  
92.806
 92.147  
93.568  
94.712  
94.795  
94.176  
91.024  
85.534  
84.370  
89.119  
92.701
 92.852  
92.253  
92.682  
93.098  
92.230  
92.354  
92.736  
92.195  
91.522  
91.656
 92.352  
92.448  
92.522  
91.730  
91.103  
90.571  
91.076  
91.506  
90.950  
90.248
 89.820  
89.476  
88.773  
89.133  
90.720  
91.580  
91.273  
91.248  
91.260  
90.606
 90.394  
90.115  
90.487  
90.499  
89.388  
89.141  
89.147  
89.095  
88.049  
87.438
 88.889  
89.115  
87.772  
87.316  
88.023  
86.441  
85.652  
87.174  
87.713  
86.904
 84.588  
83.458  
84.724  
86.365  
87.668  
87.630  
86.565  
86.868  
87.637  
88.065
 87.803  
86.246  
86.082  
86.438  
85.214  
85.262  
85.174  
84.290  
83.914  
83.229
 84.054  
85.440  
85.660  
84.068  
82.558  
84.002  
84.813  
83.703  
82.647  
83.329
 84.231  
82.793  
82.555  
84.354  
84.816  
83.541  
83.306  
84.080  
84.729  
84.315
 83.260  
83.608  
84.608  
85.002  
84.757  
84.812  
84.487  
83.205  
82.714  
82.899
 82.616  
82.469  
82.669  
83.282  
83.262  
82.760  
82.783  
83.345  
82.515  
82.160
 81.910  
81.689  
82.113  
82.332  
82.314  
82.415  
81.149  
78.242  
79.311  
82.185
 82.613  
81.739  
81.421  
81.795  
81.743  
81.613  
81.499  
80.313  
79.309  
76.370
 67.602  
64.907  
73.645  
78.133  
79.680  
80.017  
79.344  
78.937  
79.800  
80.075
 79.828  
80.309  
80.426  
80.253  
79.545  
78.930  
79.198  
79.316  
79.728  
79.802
 79.126  
78.530  
78.955  
78.678  
78.237  
78.975  
79.049  
78.506  
78.041  
77.911
 77.650  
76.931  
76.634  
77.227  
77.443  
77.317  
77.042  
76.721  
76.443  
76.585
 76.806  
76.518  
76.137  
76.434  
76.454  
76.100  
76.146  
76.056  
76.162  
76.002
 75.903  
75.947  
75.944  
75.836  
75.686  
75.345  
74.279  
74.468  
75.080  
74.505
 73.379   
0.000   
0.000   
0.000   
0.000   
0.000   
0.000   
0.000   
0.000   
0.000
0.000   
0.000   
0.000   
0.000   
0.000   
0.000   
0.000   
0.000   
0.000  
71.818
 72.003  
73.651  
73.775  
72.767  
72.432  
73.063  
73.196  
73.090  
72.451  
71.581
 71.867  
71.398  
71.212  
71.435  
71.930  
71.804  
71.936  
72.581  
72.392  
72.045
 71.908  
71.742  
71.857  
72.152  
71.963  
71.168  
70.980  
71.345  
71.670  
71.594
 71.150  
70.845  
70.676  
70.502  
70.306  
70.518  
70.742  
69.772  
69.439  
70.102
 69.594   
0.000   
0.000   
0.000   
0.000   
0.000   
0.000   
0.000   
0.000   
0.000
0.000   
0.000   
0.000   
0.000   
0.000   
0.000   
0.000   
0.000   
0.000   
0.000
0.000   
0.000   
0.000   
0.000   
0.000   
0.000   
0.000   
0.000   
0.000   
0.000
  0.000   
0.000   
0.000  
64.868  
66.316  
66.962  
67.313  
66.950  
66.426  
66.035
 66.029  
66.117  
66.511  
66.422  
66.311  
65.032  
64.416  
65.348  
65.653  
65.141
 64.380  
64.259  
64.445  
64.912  
65.687  
65.962  
65.404  
64.623  
65.060  
65.640
 65.274  
65.144  
65.472  
65.342  
65.130  
65.193  
64.588  
63.901  
64.508  
64.429
 63.642  
64.069  
64.446  
64.001  
63.912  
64.336  
64.457  
64.255  
64.043  
63.728
 63.642  
63.707  
63.345  
63.372  
62.597  
61.207   
0.000   
0.000   
0.000   
0.000
0.000   
0.000   
0.000   
0.000   
0.000   
0.000   
0.000   
0.000   
0.000   
0.000
0.000   
0.000   
0.000   
0.000   
0.000   
0.000   
0.000   
0.000   
0.000  
60.384
 60.988  
60.636  
60.909  
60.816  
60.937  
61.213  
61.011  
60.118  
60.029  
60.866
 61.036  
61.019  
60.572  
59.957  
59.812  
60.159  
60.304  
60.262  
59.833  
59.963
 59.834  
60.174  
60.546  
60.382  
59.396  
58.884  
59.520  
59.742  
59.745  
59.742
 59.646  
59.489  
59.440  
59.115  
58.943  
59.103  
59.060  
58.743  
58.758  
58.773
 58.457  
58.096  
57.946  
57.831  
57.282  
56.717  
56.698  
56.648  
57.464  
57.958
 57.848  
57.926  
58.016  
57.889  
57.973  
57.830  
57.864  
57.158  
56.578  
57.101
 57.243  
57.470  
57.494  
56.789  
56.689  
57.065  
56.991  
56.102  
56.033  
56.707
 57.078  
56.990  
56.530  
56.475  
56.381  
56.097  
55.909  
55.730  
55.780  
56.343
 56.219   
0.000   
0.000   
0.000   
0.000   
0.000   
0.000   
0.000   
0.000   
0.000
0.000   
0.000   
0.000   
0.000   
0.000   
0.000   
0.000   
0.000   
0.000   
0.000
0.000   
0.000   
0.000   
0.000   
0.000   
0.000   
0.000   
0.000   
0.000   
0.000
0.000   
0.000   
0.000   
0.000   
0.000   
0.000   
0.000   
0.000   
0.000   
0.000
0.000   
0.000   
0.000   
0.000   
0.000   
0.000  
0.000   
0.000   
0.000   
0.000
0.000   
0.000   
0.000   
0.000  
52.281  
52.004  
52.114  
52.977  
55.648  
52.726
52.999  
52.884  
54.960  
52.531  
54.895  
54.328  
51.622  
51.802  
52.246  
52.602
52.556  
52.040  
51.472  
51.990  
51.872  
51.816  
51.215  
50.178  
46.505  
49.685
50.754  
50.211  
50.585  
50.767  
50.051  
49.082  
40.872  
40.726  
46.793  
49.206
49.905  
50.510  
50.776  
50.581  
50.156  
50.025  
49.999  
49.562  
49.514  
49.745
49.502  
49.465  
49.757  
50.063  
49.965  
49.872  
49.579  
49.209  
48.496  
46.783
41.606  
41.208  
45.713  
47.644  
48.037  
47.748  
47.658  
48.495  
48.500  
48.326
47.964  
47.934  
48.260  
48.221  
47.997  
47.514  
47.513  
47.652  
47.311  
47.264
47.744  
47.945  
49.762  
47.656  
48.001  
47.887  
47.127  
47.324  
47.177  
47.923
45.999  
47.534  
47.611  
47.685  
50.038  
47.588  
47.331  
47.355  
47.394  
47.281
46.400  
45.795  
46.430  
47.016  
47.437  
47.857  
47.623  
47.250  
47.339  
47.451
47.252  
47.283  
49.643  
48.504
