53.831  
55.702  
55.961  
55.788  
57.095  
58.400  
58.554  
58.703  
58.921  
58.643
58.159  
56.801  
54.768  
53.271  
52.361  
52.451  
53.847  
54.802  
55.145  
55.627
55.943  
56.320  
56.767  
57.213  
57.058  
56.338  
55.745  
56.544  
58.928  
60.990
61.417  
60.793  
59.622  
58.119  
57.003  
56.736  
57.897  
59.528  
60.133  
60.930
63.615  
65.778  
65.787  
66.730  
67.277  
68.447  
72.702  
71.864  
70.911  
78.474
83.995  
79.817  
76.781  
87.719 
103.328 
106.866  
95.958  
83.010  
85.606 
104.198
121.594 
127.565 
122.325 
107.571  
88.883  
80.002  
91.409 
113.532 
131.263 
141.600
147.764 
150.255 
144.729 
129.777 
108.407  
88.108  
82.832  
96.864 
118.538 
138.161
151.100 
156.084 
154.575 
142.382 
122.763 
119.882 
136.062 
145.902 
142.602 
130.643
110.239  
86.725  
78.999  
95.378 
119.261 
137.571 
149.804 
157.704 
163.064 
166.422
168.270 
170.225 
171.862 
172.009 
172.545 
174.416 
174.130 
171.954 
170.646 
168.968
165.671 
160.956 
155.882 
150.060 
143.466 
134.402 
118.835  
97.474  
83.509  
90.294
110.253 
128.703 
140.720 
147.922 
153.105 
158.903 
163.477 
164.520 
163.633 
162.346
162.500 
163.037 
161.296 
158.723 
158.292 
160.091 
162.483 
162.969 
162.004 
161.967
163.063 
163.453 
161.729 
158.713 
157.702 
158.532 
158.803 
157.201 
156.388 
157.970
159.536 
159.184 
156.407 
154.562 
154.044 
151.391 
147.646 
144.810 
142.987 
141.823
139.352 
135.258 
129.530 
120.672 
107.378  
90.105  
79.719  
87.185 
105.021 
122.056
135.082 
142.802 
145.753 
147.212 
147.986 
148.107 
148.795 
149.446 
150.252 
151.290
150.691 
148.903 
148.687 
150.032 
151.464 
151.441 
150.034 
149.660 
150.595 
150.539
149.466 
148.728 
149.327 
148.960 
147.214 
147.279 
148.442 
149.325 
148.080 
149.165
149.769 
147.897 
146.883 
144.676 
144.121 
145.349 
146.070 
144.261 
140.572 
139.348
140.717 
144.047 
144.037 
143.702 
140.793 
139.747 
140.366 
142.564 
142.965 
143.597
142.730 
143.045 
140.996 
140.466 
138.960 
138.946 
141.206 
139.550 
140.156 
139.220
138.048 
137.282 
135.727 
137.701 
136.648 
136.737 
137.599 
136.489 
134.258 
133.578
133.413 
134.352 
135.249 
134.032 
131.549 
131.340 
132.223 
132.911 
132.696 
131.468
129.867 
128.210 
129.421 
129.275 
128.733 
129.041 
129.104 
129.928 
127.948 
125.662
125.918 
126.520 
122.970 
120.944 
119.663 
117.390 
112.253 
106.442  
96.665  
81.706
64.389  
66.688  
84.489  
96.278 
104.336 
108.113 
110.753 
115.031 
117.765 
118.298
119.411 
118.847 
116.100 
117.181 
119.906 
119.255 
121.160 
122.746 
121.682 
119.915
119.122 
120.941 
121.866 
121.379 
119.030 
117.619 
119.027 
119.496 
117.736 
116.664
116.303 
114.205 
112.829 
116.193 
116.873 
116.232 
115.198 
115.644 
116.003 
116.329
116.577 
116.263 
115.539 
114.353 
113.968 
114.549 
115.700 
114.675 
113.786 
114.193
114.673 
114.982 
114.336 
112.394 
111.494 
111.326 
110.599 
111.932 
111.650 
111.595
111.063 
106.253 
102.975 
106.982 
108.552 
105.522 
105.073 
107.198 
107.139 
106.597
106.702 
108.579 
108.625 
106.056 
104.563 
105.078 
106.889 
108.295 
108.142 
107.887
105.097 
102.023 
100.867 
102.226 
104.021 
105.370 
107.000 
106.712 
105.899 
106.305
105.113 
103.024 
102.841 
102.439 
101.881 
102.717 
102.767 
103.738 
104.421 
104.661
103.576 
101.359 
100.855 
102.403 
102.527 
101.959 
102.798 
101.780 
100.547  
99.694
100.057 
100.559 
100.618  
99.794  
99.568 
100.075 
100.511 
100.000  
99.344  
99.612
100.157  
99.888  
99.970  
98.785  
98.805  
99.533  
99.312  
99.649  
98.839  
97.870
98.244  
98.963  
98.445  
96.614  
95.947  
96.598  
97.293  
97.610  
97.312  
97.569
97.356  
96.427  
95.980  
96.192  
96.315  
94.095  
93.284  
93.919  
93.699  
94.576
95.170  
94.287  
94.208  
94.536  
94.842  
94.185  
93.718  
93.591  
93.692  
92.639
91.404  
91.991  
92.797  
93.164  
92.222  
91.501  
91.824  
91.926  
91.377  
90.941
90.482  
90.590  
91.019  
90.810  
90.621  
90.314  
89.963  
90.085  
89.523  
89.286
89.246  
89.018  
89.075  
88.133  
87.218  
87.459  
88.043  
88.116  
87.930  
88.044
88.056  
87.986  
88.200  
88.322  
87.961  
87.905  
87.943  
87.498  
86.762  
86.092
86.083  
86.319  
86.596  
86.390  
85.994  
83.847  
80.441  
79.760  
82.547  
84.600
84.707  
84.664  
84.335  
84.260  
84.159  
84.129  
83.107  
83.521  
83.359  
82.714
83.060  
82.969  
82.920  
82.405  
82.109  
81.952  
81.856  
81.825  
81.842  
81.305
80.771  
80.750  
80.751  
80.663  
80.947  
80.945  
80.818  
80.779  
80.451  
80.285
80.207  
80.289  
80.166  
79.925  
79.719  
79.382  
79.558  
79.096  
78.851  
78.681
78.827  
78.715  
77.936  
77.949  
77.981  
77.179  
76.653  
76.435  
76.844  
76.449
75.619  
75.360  
75.869  
75.930  
76.349  
76.265  
75.951  
75.777  
75.797  
75.636
77.615  
75.968  
75.247  
75.278  
74.733  
74.320  
74.116  
73.585  
73.508  
73.950
74.155  
74.084  
73.319  
71.448  
69.805  
70.445  
71.689  
72.123  
72.031  
71.779
71.576  
71.838  
71.758  
72.363  
72.415  
72.169  
71.537  
70.758  
70.977  
71.863
71.956  
71.617  
70.965  
70.979  
71.429  
71.467  
71.344  
71.087  
70.927  
70.936
70.338  
70.204  
70.251  
70.675  
70.194  
69.571  
69.168  
69.413  
69.151  
67.675
67.541  
68.324  
68.761  
68.656  
68.691  
68.215  
66.989  
66.156  
66.724  
67.701
67.480  
66.530  
66.053  
65.794  
64.911  
63.866  
62.382  
60.325  
57.009  
51.676
43.915  
42.357  
48.937  
55.575  
58.873  
60.916  
62.155  
63.147  
63.922  
64.272
64.482  
64.501  
64.899  
64.981  
64.894  
64.870  
64.833  
64.710  
64.780  
64.642
64.413  
64.215  
64.273  
64.070  
63.857  
63.778  
63.805  
63.726  
63.494  
63.319
63.064  
62.741  
62.513  
62.478  
62.347  
62.262  
62.218  
61.805  
61.386  
61.382
61.382  
61.482  
61.298  
61.015  
60.919  
60.865  
60.820  
60.699  
60.577  
60.555
60.408  
60.197  
60.212  
60.226  
60.079  
59.912  
59.522  
59.469  
59.380  
59.187
58.766   
0.000   
0.000   
0.000   
0.000   
0.000   
0.000   
0.000   
0.000   
0.000
0.000   
0.000   
0.000   
0.000   
0.000   
0.000   
0.000   
0.000   
0.000  
56.104
56.151  
57.452  
57.319  
57.304  
57.223  
56.854  
56.508  
56.611  
56.391 
56.647
56.395  
56.168  
56.080  
56.016  
56.221  
56.183  
55.785  
56.024  
55.770  
55.417
55.480  
55.527  
55.342  
55.217  
55.047  
54.901  
54.785  
54.761  
54.793  
54.508
54.063  
53.658  
53.837  
54.054  
54.021  
53.973  
53.817  
53.402  
53.234  
53.223
52.851   
0.000   
0.000   
0.000   
0.000   
0.000   
0.000   
0.000   
0.000   
0.000
0.000   
0.000   
0.000   
0.000   
0.000   
0.000   
0.000   
0.000   
0.000   
0.000
0.000   
0.000   
0.000   
0.000   
0.000   
0.000   
0.000   
0.000   
0.000   
0.000
0.000   
0.000   
0.000  
48.810  
49.895  
49.854  
50.430  
49.824  
49.534  
49.532
49.486  
49.420  
49.617  
49.475  
49.277  
48.957  
49.058  
49.183  
49.113  
48.801
48.557  
48.606  
48.382  
48.480  
48.786  
48.621  
48.441  
48.012  
48.258  
48.298
48.056  
47.994  
48.285  
48.216  
47.986  
47.988  
47.847  
47.665  
47.711  
47.506
47.145  
47.403  
47.798  
47.599  
47.278  
47.264  
47.163  
47.128  
47.098  
47.079
46.953  
46.734  
46.744  
46.552  
45.901  
45.302   
0.000   
0.000   
0.000   
0.000
0.000   
0.000   
0.000   
0.000   
0.000   
0.000   
0.000   
0.000   
0.000   
0.000
0.000   
0.000   
0.000   
0.000   
0.000   
0.000   
0.000   
0.000   
0.000  
43.286
44.305  
44.440  
44.007  
43.948  
43.963  
43.965  
43.677  
43.832  
44.321  
43.820
43.592  
42.900  
41.128  
40.756  
42.627  
43.277  
43.521  
43.431  
43.179  
43.063
43.145  
43.150  
43.371  
42.983  
42.488  
42.388  
42.705  
42.727  
42.903  
42.801
42.185  
42.131  
42.374  
41.862  
41.979  
41.988  
41.855  
41.182  
41.335  
41.744
41.910  
41.974  
41.262  
41.092  
40.891  
40.768  
40.739  
40.835  
40.968  
40.989
41.000  
41.247  
41.014  
41.081  
40.802  
40.700  
40.857  
40.695  
40.249  
40.285
40.353  
40.355  
40.462  
40.331  
40.099  
39.955  
39.842  
39.944  
39.942  
39.992
40.004  
39.739  
39.761  
39.721  
39.600  
39.403  
39.493  
39.285  
39.481  
39.348
39.137   
0.000   
0.000   
0.000   
0.000   
0.000   
0.000   
0.000   
0.000   
0.000
0.000   
0.000   
0.000   
0.000   
0.000   
0.000   
0.000   
0.000   
0.000   
0.000
0.000   
0.000   
0.000   
0.000   
0.000   
0.000   
0.000   
0.000   
0.000   
0.000
0.000   
0.000   
0.000   
0.000   
0.000   
0.000   
0.000   
0.000   
0.000   
0.000
0.000   
0.000   
0.000   
0.000   
0.000   
0.000   
0.000   
0.000   
0.000   
0.000
0.000   
0.000   
0.000   
0.000  
35.947  
35.594  
35.613  
36.421  
36.870  
35.725
35.783  
36.074  
36.027  
36.285  
36.298 
35.233  
34.480  
34.274  
35.456  
35.823
35.456  
35.125  
35.106  
35.527  
35.733  
35.702  
35.211  
33.185  
32.792  
34.143
34.756  
35.124  
35.920  
35.587  
35.009  
32.845  
30.077  
30.652  
33.014  
34.362
35.168  
35.513  
35.630  
35.314  
34.996  
34.212  
33.009  
31.759  
31.639  
33.149
34.281  
34.908  
35.509  
35.455  
35.622  
35.392  
34.962  
34.368  
33.399  
31.333
28.375  
28.397  
30.785  
32.317  
33.325  
33.817  
34.260  
34.665  
35.113  
35.150
35.046  
34.760  
34.611  
34.046  
33.698  
32.438  
30.936  
28.792  
27.934  
29.794
32.178  
33.630  
33.785  
34.295  
34.428  
34.250  
34.480  
34.627  
34.226  
33.734
34.313  
33.993  
35.400  
36.216  
34.636  
33.682  
32.596  
31.800  
30.491  
29.145
26.513  
26.914  
29.098  
30.678  
32.224  
33.594  
33.349  
33.084  
34.015  
33.594
33.235  
34.154  
34.290  
32.791
